Origin Time       
Lat.              
Long.             
Depth. (km)       
Mag.              
Station Code      KGS036
Station Lat.      31.8360
Station Long.     129.8678
Station Height(m) 6
Record Time       2016/05/07 18:16:36
Sampling Freq(Hz) 100Hz
Duration Time(s)  60
Dir.              N-S
Scale Factor      3920(gal)/6182761
Max. Acc. (gal)   5.175
Last Correction   2016/05/07 18:16:21
Memo.             
   -6026    -6027    -6025    -6022    -6021    -6021    -6023    -6024 
   -6021    -6020    -6022    -6024    -6024    -6021    -6018    -6021 
   -6025    -6023    -6024    -6025    -6021    -6020    -6021    -6020 
   -6020    -6024    -6026    -6026    -6021    -6016    -6016    -6017 
   -6015    -6016    -6019    -6020    -6020    -6020    -6023    -6026 
   -6028    -6029    -6027    -6025    -6027    -6024    -6017    -6012 
   -6014    -6023    -6028    -6022    -6020    -6023    -6022    -6016 
   -6014    -6017    -6020    -6022    -6024    -6024    -6024    -6025 
   -6027    -6026    -6022    -6019    -6019    -6018    -6018    -6021 
   -6022    -6020    -6021    -6023    -6022    -6021    -6023    -6025 
   -6025    -6022    -6020    -6019    -6022    -6028    -6028    -6026 
   -6025    -6022    -6019    -6018    -6016    -6018    -6022    -6022 
   -6024    -6026    -6024    -6021    -6018    -6019    -6025    -6029 
   -6028    -6028    -6024    -6015    -6013    -6015    -6018    -6019 
   -6022    -6025    -6026    -6029    -6030    -6024    -6020    -6022 
   -6022    -6020    -6022    -6025    -6024    -6025    -6029    -6029 
   -6027    -6025    -6021    -6016    -6015    -6017    -6020    -6023 
   -6026    -6024    -6020    -6026    -6033    -6029    -6022    -6020 
   -6021    -6021    -6023    -6026    -6024    -6022    -6024    -6023 
   -6019    -6023    -6028    -6026    -6027    -6027    -6023    -6025 
   -6033    -6037    -6039    -6041    -6037    -6028    -6026    -6029 
   -6032    -6036    -6041    -6045    -6042    -6034    -6027    -6024 
   -6022    -6023    -6028    -6038    -6046    -6046    -6043    -6032 
   -6013    -5999    -6003    -6015    -6019    -6023    -6036    -6040 
   -6035    -6032    -6027    -6000    -5977    -5994    -6018    -6025 
   -6042    -6066    -6071    -6050    -6026    -6005    -5976    -5960 
   -5982    -6033    -6084    -6106    -6091    -6046    -6000    -5980 
   -5986    -6015    -6053    -6066    -6043    -5996    -5951    -5916 
   -5881    -5873    -5918    -5959    -5944    -5917    -5913    -5887 
   -5847    -5873    -5971    -6036    -6032    -6052    -6109    -6094 
   -6038    -6057    -6098    -6077    -6067    -6126    -6156    -6075 
   -5990    -6004    -6028    -5999    -6019    -6112    -6142    -6060 
   -6001    -6040    -6062    -6019    -6005    -5997    -5923    -5839 
   -5800    -5808    -5856    -5911    -5954    -5945    -5875    -5856 
   -5926    -6033    -6160    -6246    -6320    -6419    -6382    -6234 
   -6185    -6163    -6102    -6154    -6213    -6087    -5969    -5985 
   -6000    -6077    -6299    -6492    -6534    -6431    -6216    -5984 
   -5830    -5788    -5824    -5797    -5656    -5528    -5446    -5347 
   -5281    -5339    -5531    -5770    -6003    -6202    -6292    -6346 
   -6425    -6424    -6375    -6305    -6097    -5878    -5913    -6183 
   -6464    -6605    -6601    -6425    -6099    -5899    -5945    -6039 
   -6196    -6464    -6565    -6333    -5891    -5490    -5387    -5470 
   -5470    -5512    -5691    -5791    -5787    -5753    -5631    -5533 
   -5520    -5426    -5443    -5808    -6153    -6165    -6044    -5963 
   -5931    -6013    -6277    -6669    -7027    -7243    -7341    -7305 
   -7057    -6696    -6437    -6324    -6236    -6075    -5896    -5672 
   -5268    -4919    -4939    -5153    -5368    -5627    -5884    -6080 
   -6162    -5987    -5660    -5538    -5654    -5704    -5653    -5613 
   -5481    -5358    -5510    -5755    -5868    -6119    -6627    -7089 
   -7344    -7388    -7186    -6894    -6674    -6533    -6513    -6544 
   -6461    -6307    -6094    -5765    -5533    -5515    -5482    -5433 
   -5587    -5860    -6028    -6045    -5974    -5859    -5648    -5379 
   -5219    -5189    -5198    -5240    -5368    -5653    -6010    -6215 
   -6226    -6173    -6170    -6322    -6649    -6958    -7051    -6945 
   -6768    -6558    -6258    -5978    -5963    -6192    -6368    -6326 
   -6217    -6196    -6162    -6088    -6092    -6085    -5913    -5690 
   -5517    -5310    -5105    -4971    -4829    -4867    -5262    -5609 
   -5635    -5665    -5881    -6091    -6206    -6315    -6492    -6706 
   -6846    -6888    -6881    -6769    -6520    -6254    -6085    -6001 
   -5974    -6049    -6153    -6141    -6137    -6278    -6362    -6292 
   -6274    -6304    -6170    -5867    -5526    -5268    -5182    -5284 
   -5554    -5844    -5909    -5790    -5681    -5588    -5526    -5545 
   -5623    -5801    -6057    -6237    -6314    -6362    -6359    -6284 
   -6231    -6257    -6303    -6331    -6399    -6568    -6742    -6760 
   -6650    -6574    -6523    -6352    -6088    -5862    -5664    -5442 
   -5217    -5117    -5265    -5516    -5687    -5855    -6082    -6216 
   -6137    -6010    -6007    -5970    -5777    -5668    -5788    -5913 
   -5906    -5953    -6133    -6220    -6109    -6012    -6047    -6128 
   -6162    -6103    -6048    -6110    -6203    -6265    -6364    -6472 
   -6494    -6426    -6330    -6241    -6206    -6291    -6350    -6218 
   -6025    -5924    -5879    -5857    -5836    -5779    -5750    -5845 
   -5979    -5910    -5558    -5183    -5104    -5370    -5769    -6044 
   -6068    -5897    -5693    -5625    -5794    -6125    -6431    -6613 
   -6617    -6393    -6103    -6019    -6120    -6223    -6346    -6519 
   -6596    -6501    -6357    -6265    -6157    -5940    -5695    -5583 
   -5649    -5766    -5783    -5709    -5648    -5617    -5590    -5595 
   -5737    -6047    -6322    -6391    -6375    -6389    -6388    -6358 
   -6271    -6035    -5696    -5469    -5490    -5676    -5866    -5947 
   -5935    -5976    -6144    -6352    -6478    -6445    -6352    -6357 
   -6393    -6359    -6303    -6222    -6085    -5938    -5851    -5856 
   -5910    -5941    -5844    -5647    -5589    -5709    -5812    -5858 
   -5912    -5973    -6070    -6185    -6160    -5929    -5674    -5570 
   -5568    -5632    -5813    -6019    -6153    -6221    -6198    -6166 
   -6231    -6330    -6444    -6576    -6572    -6392    -6206    -6095 
   -6044    -6091    -6204    -6240    -6164    -6092    -6082    -6042 
   -5921    -5821    -5817    -5827    -5754    -5674    -5680    -5716 
   -5748    -5783    -5747    -5698    -5792    -5904    -5868    -5830 
   -5887    -5915    -5889    -5897    -5957    -6032    -6126    -6298 
   -6545    -6764    -6807    -6612    -6330    -6156    -6070    -6000 
   -6033    -6179    -6328    -6440    -6434    -6291    -6180    -6086 
   -5896    -5671    -5459    -5330    -5382    -5492    -5553    -5667 
   -5833    -5931    -5981    -6099    -6285    -6384    -6307    -6140 
   -5996    -5912    -5901    -5953    -6024    -6114    -6235    -6293 
   -6205    -6031    -5859    -5730    -5664    -5664    -5703    -5763 
   -5861    -5961    -5976    -5937    -5950    -6054    -6184    -6271 
   -6381    -6585    -6787    -6913    -6927    -6783    -6579    -6387 
   -6132    -5903    -5864    -5903    -5790    -5527    -5310    -5211 
   -5154    -5147    -5231    -5390    -5589    -5730    -5760    -5754 
   -5793    -5988    -6324    -6504    -6371    -6121    -5946    -5859 
   -5843    -5979    -6316    -6709    -6961    -7042    -7066    -7070 
   -6904    -6507    -6058    -5707    -5523    -5590    -5812    -5890 
   -5662    -5296    -5040    -5003    -5180    -5483    -5819    -6093 
   -6152    -6037    -6002    -6117    -6228    -6209    -6097    -6032 
   -6053    -6091    -6166    -6302    -6407    -6427    -6478    -6669 
   -6867    -6812    -6516    -6207    -6004    -5908    -5892    -5886 
   -5878    -5905    -5904    -5787    -5590    -5442    -5431    -5505 
   -5558    -5603    -5702    -5852    -5993    -6015    -5908    -5851 
   -5963    -6151    -6266    -6265    -6176    -6068    -6013    -6032 
   -6106    -6238    -6451    -6679    -6720    -6482    -6178    -6078 
   -6210    -6383    -6392    -6214    -5996    -5819    -5693    -5671 
   -5729    -5774    -5805    -5857    -5894    -5857    -5748    -5630 
   -5545    -5464    -5376    -5353    -5409    -5468    -5502    -5570 
   -5759    -6077    -6413    -6685    -6920    -7104    -7170    -7122 
   -7002    -6830    -6644    -6488    -6339    -6163    -5999    -5873 
   -5750    -5614    -5477    -5363    -5341    -5421    -5485    -5468 
   -5445    -5467    -5485    -5527    -5725    -6078    -6391    -6524 
   -6486    -6303    -6045    -5864    -5870    -6045    -6243    -6343 
   -6394    -6479    -6564    -6586    -6555    -6526    -6501    -6378 
   -6113    -5857    -5718    -5610    -5496    -5424    -5389    -5392 
   -5482    -5644    -5774    -5815    -5817    -5857    -5936    -5986 
   -6002    -6077    -6232    -6342    -6369    -6437    -6558    -6540 
   -6346    -6182    -6172    -6239    -6305    -6377    -6435    -6388 
   -6252    -6121    -5967    -5748    -5532    -5409    -5439    -5552 
   -5599    -5601    -5676    -5804    -5897    -5941    -5973    -5993 
   -5988    -5989    -6011    -6046    -6114    -6175    -6146    -6075 
   -6039    -6005    -5977    -6050    -6258    -6477    -6552    -6494 
   -6364    -6148    -5959    -5957    -6068    -6134    -6162    -6172 
   -6135    -6112    -6152    -6185    -6157    -6097    -6031    -5912 
   -5702    -5450    -5231    -5127    -5190    -5392    -5663    -5921 
   -6030    -5929    -5772    -5756    -5890    -6044    -6164    -6295 
   -6461    -6619    -6704    -6674    -6572    -6457    -6342    -6262 
   -6225    -6154    -6022    -5906    -5893    -5995    -6115    -6138 
   -6051    -5920    -5839    -5890    -6025    -6077    -5974    -5840 
   -5769    -5725    -5706    -5740    -5792    -5799    -5767    -5778 
   -5858    -5939    -5972    -5951    -5899    -5879    -5918    -5989 
   -6056    -6066    -6011    -5948    -5983    -6180    -6440    -6634 
   -6748    -6813    -6802    -6669    -6484    -6377    -6362    -6323 
   -6189    -6057    -5981    -5835    -5550    -5274    -5144    -5115 
   -5186    -5418    -5699    -5850    -5849    -5823    -5860    -5878 
   -5852    -5925    -6104    -6226    -6225    -6173    -6144    -6107 
   -6080    -6191    -6402    -6531    -6524    -6412    -6226    -6019 
   -5829    -5698    -5704    -5853    -6035    -6169    -6268    -6316 
   -6279    -6197    -6130    -6076    -6061    -6127    -6203    -6209 
   -6172    -6149    -6167    -6175    -6104    -5987    -5882    -5782 
   -5670    -5570    -5544    -5622    -5739    -5795    -5816    -5896 
   -5983    -5941    -5767    -5620    -5648    -5814    -5954    -6009 
   -6053    -6118    -6190    -6256    -6312    -6412    -6573    -6672 
   -6661    -6671    -6713    -6637    -6425    -6212    -6052    -5907 
   -5757    -5644    -5615    -5599    -5507    -5401    -5366    -5396 
   -5494    -5678    -5881    -6002    -6020    -6020    -6078    -6147 
   -6164    -6143    -6048    -5870    -5725    -5720    -5840    -5969 
   -6035    -6127    -6315    -6500    -6596    -6601    -6519    -6382 
   -6252    -6180    -6195    -6220    -6156    -6085    -6071    -6024 
   -5991    -6070    -6100    -5961    -5750    -5498    -5256    -5210 
   -5373    -5546    -5670    -5835    -6015    -6104    -6103    -6091 
   -6112    -6156    -6187    -6194    -6208    -6254    -6306    -6330 
   -6341    -6347    -6314    -6253    -6216    -6182    -6105    -6039 
   -6055    -6130    -6202    -6241    -6217    -6099    -5915    -5754 
   -5680    -5691    -5742    -5822    -5910    -5932    -5880    -5838 
   -5854    -5899    -5935    -5986    -6048    -6055    -6034    -6027 
   -5949    -5799    -5746    -5883    -6090    -6218    -6270    -6325 
   -6350    -6249    -6068    -5981    -6040    -6125    -6144    -6128 
   -6087    -5997    -5911    -5896    -5920    -5918    -5898    -5905 
   -5932    -5949    -5973    -6001    -6011    -6049    -6123    -6126 
   -6049    -6023    -6085    -6134    -6106    -6037    -5991    -5967 
   -5919    -5872    -5895    -5990    -6093    -6140    -6131    -6086 
   -5980    -5821    -5693    -5700    -5847    -6000    -6080    -6168 
   -6318    -6433    -6415    -6319    -6254    -6223    -6183    -6140 
   -6122    -6128    -6083    -5930    -5774    -5744    -5805    -5860 
   -5857    -5798    -5733    -5705    -5727    -5766    -5802    -5870 
   -5938    -5923    -5878    -5907    -5978    -6043    -6154    -6324 
   -6475    -6545    -6504    -6380    -6242    -6114    -6008    -5977 
   -6033    -6081    -6059    -6046    -6092    -6130    -6144    -6110 
   -5981    -5856    -5833    -5825    -5782    -5764    -5774    -5782 
   -5803    -5836    -5853    -5828    -5764    -5716    -5746    -5849 
   -5953    -6032    -6105    -6146    -6159    -6204    -6283    -6326 
   -6311    -6322    -6387    -6411    -6346    -6260    -6169    -6002 
   -5782    -5684    -5781    -5931    -6021    -6083    -6116    -6083 
   -6022    -6003    -6040    -6066    -6024    -5981    -5992    -5996 
   -5972    -5959    -5925    -5784    -5583    -5521    -5643    -5786 
   -5889    -5982    -6041    -6093    -6179    -6243    -6218    -6099 
   -5948    -5865    -5876    -5937    -6011    -6094    -6206    -6325 
   -6400    -6408    -6352    -6247    -6112    -5995    -5981    -6057 
   -6100    -6046    -5901    -5703    -5554    -5540    -5647    -5819 
   -5947    -5964    -5967    -6006    -5991    -5914    -5859    -5862 
   -5890    -5874    -5822    -5805    -5800    -5740    -5655    -5645 
   -5781    -6004    -6163    -6222    -6291    -6432    -6582    -6668 
   -6670    -6612    -6546    -6537    -6587    -6595    -6510    -6402 
   -6340    -6351    -6406    -6393    -6266    -6130    -6058    -6034 
   -6027    -5992    -5889    -5714    -5489    -5258    -5095    -5038 
   -5040    -5096    -5272    -5517    -5676    -5697    -5656    -5645 
   -5673    -5657    -5601    -5574    -5525    -5416    -5394    -5604 
   -5994    -6385    -6671    -6905    -7157    -7368    -7435    -7367 
   -7261    -7137    -6902    -6539    -6214    -6032    -5882    -5710 
   -5651    -5759    -5872    -5845    -5730    -5645    -5612    -5619 
   -5683    -5747    -5735    -5768    -6039    -6485    -6863    -7076 
   -7209    -7307    -7306    -7190    -7040    -6857    -6494    -5905 
   -5251    -4691    -4293    -4092    -4110    -4294    -4455    -4477 
   -4533    -4860    -5489    -6249    -6905    -7393    -7794    -8064 
   -8117    -8039    -7956    -7781    -7386    -6992    -6929    -7087 
   -7157    -7108    -7116    -7211    -7117    -6609    -5863    -5125 
   -4386    -3606    -2946    -2585    -2463    -2395    -2388    -2621 
   -3176    -3915    -4519    -4771    -4817    -4891    -5073    -5440 
   -6061    -6859    -7646    -8208    -8539    -8885    -9299    -9601 
   -9861   -10264   -10623   -10648   -10372    -9906    -9238    -8424 
   -7633    -6997    -6427    -5650    -4625    -3665    -2983    -2503 
   -2227    -2316    -2703    -2961    -2702    -1939    -1007     -408 
    -534    -1314    -2404    -3595    -4785    -5929    -6994    -7815 
   -8291    -8551    -8690    -8631    -8249    -7568    -6830    -6244 
   -5873    -5842    -6361    -7449    -8746    -9720   -10062    -9873 
   -9566    -9503    -9633    -9560    -9028    -8115    -6971    -5639 
   -4212    -2978    -2301    -2321    -2811    -3384    -3835    -4142 
   -4197    -3920    -3573    -3534    -3870    -4314    -4517    -4277 
   -3678    -3077    -2939    -3527    -4698    -6170    -7814    -9433 
  -10705   -11535   -12049   -12315   -12356   -12171   -11631   -10568 
   -9138    -7804    -6801    -6026    -5400    -4947    -4738    -4780 
   -4728    -4173    -3252    -2377    -1624     -905     -357     -168 
    -254     -341     -446     -972    -2138    -3627    -4955    -5976 
   -6847    -7669    -8453    -9232    -9942   -10419   -10619   -10715 
  -10903   -11102   -10989   -10455    -9842    -9568    -9682    -9910 
  -10065   -10083    -9698    -8711    -7415    -6079    -4483    -2517 
    -627      703     1488     1981     2140     1678      592     -696 
   -1717    -2378    -2974    -3700    -4407    -4864    -5018    -5066 
   -5285    -5870    -6884    -8138    -9329   -10339   -11115   -11612 
  -11948   -12237   -12434   -12443   -12305   -12216   -12221   -12032 
  -11291    -9930    -8230    -6471    -4655    -2775    -1155     -172 
     172      173      187      402      531       41    -1062    -2229 
   -3085    -3628    -3988    -4328    -4796    -5400    -6087    -6856 
   -7681    -8494    -9216    -9703    -9942   -10157   -10396   -10447 
  -10248    -9952    -9645    -9249    -8647    -7822    -6895    -6000 
   -5207    -4575    -4156    -3930    -3953    -4281    -4589    -4448 
   -3886    -3283    -2928    -2854    -3044    -3499    -4033    -4369 
   -4504    -4685    -4990    -5302    -5673    -6315    -7261    -8234 
   -8833    -8943    -8839    -8762    -8700    -8547    -8196    -7590 
   -6788    -6022    -5609    -5655    -5937    -6274    -6739    -7300 
   -7570    -7282    -6669    -6185    -6063    -6116    -6026    -5810 
   -5744    -5871    -5934    -5710    -5254    -4773    -4310    -3810 
   -3441    -3436    -3730    -4037    -4151    -4158    -4283    -4552 
   -4825    -5016    -5109    -5074    -4874    -4599    -4473    -4668 
   -5306    -6452    -7889    -9178   -10006   -10289   -10138    -9798 
   -9479    -9229    -8974    -8631    -8137    -7500    -6894    -6487 
   -6182    -5838    -5552    -5361    -5111    -4785    -4449    -4032 
   -3524    -3081    -2817    -2721    -2777    -2950    -3093    -3127 
   -3255    -3765    -4623    -5495    -6159    -6624    -6993    -7346 
   -7665    -7929    -8181    -8426    -8661    -8960    -9277    -9394 
   -9225    -8998    -8945    -8992    -8960    -8796    -8420    -7652 
   -6494    -5348    -4639    -4259    -3724    -2829    -1813    -1050 
    -740     -819    -1062    -1271    -1494    -1974    -2739    -3497 
   -4082    -4659    -5445    -6497    -7687    -8817    -9790   -10531 
  -10882   -10816   -10577   -10426   -10335   -10092    -9667    -9137 
   -8506    -7829    -7189    -6594    -6066    -5602    -5162    -4752 
   -4312    -3731    -3115    -2655    -2385    -2331    -2520    -2832 
   -3160    -3534    -3933    -4268    -4601    -5077    -5687    -6246 
   -6640    -6962    -7367    -7859    -8300    -8605    -8868    -9223 
   -9603    -9780    -9648    -9319    -8939    -8520    -7976    -7256 
   -6403    -5539    -4816    -4280    -3832    -3397    -2982    -2605 
   -2311    -2164    -2228    -2572    -3208    -4007    -4784    -5465 
   -6056    -6536    -6893    -7150    -7366    -7645    -8029    -8406 
   -8581    -8475    -8241    -8033    -7793    -7459    -7089    -6726 
   -6335    -5854    -5270    -4683    -4256    -4065    -4052    -4143 
   -4318    -4570    -4869    -5164    -5456    -5826    -6303    -6783 
   -7113    -7226    -7183    -7081    -6959    -6785    -6551    -6362 
   -6287    -6274    -6264    -6246    -6248    -6266    -6263    -6197 
   -6052    -5880    -5692    -5419    -5073    -4742    -4494    -4352 
   -4347    -4520    -4795    -5026    -5235    -5526    -5846    -6092 
   -6295    -6517    -6730    -6924    -7145    -7402    -7638    -7733 
   -7636    -7469    -7316    -7076    -6701    -6266    -5829    -5452 
   -5208    -5089    -5048    -5052    -5053    -4999    -4903    -4871 
   -4971    -5164    -5376    -5535    -5681    -5975    -6440    -6865 
   -7040    -6976    -6867    -6804    -6695    -6536    -6438    -6473 
   -6655    -6848    -6833    -6604    -6336    -6163    -6117    -6114 
   -6048    -5939    -5805    -5574    -5253    -4957    -4798    -4825 
   -5015    -5300    -5565    -5711    -5832    -6125    -6564    -6899 
   -7001    -7011    -7097    -7215    -7181    -6984    -6817    -6800 
   -6862    -6844    -6652    -6336    -5980    -5604    -5186    -4756 
   -4415    -4215    -4115    -4054    -4033    -4118    -4371    -4746 
   -5100    -5334    -5467    -5608    -5796    -5950    -6067    -6297 
   -6752    -7374    -7988    -8413    -8631    -8770    -8850    -8788 
   -8597    -8331    -7947    -7421    -6829    -6217    -5581    -4979 
   -4478    -4120    -3950    -3958    -4039    -4103    -4133    -4111 
   -4042    -4032    -4182    -4482    -4810    -5037    -5207    -5419 
   -5677    -6001    -6388    -6750    -7044    -7291    -7526    -7716 
   -7821    -7891    -7978    -8106    -8257    -8349    -8338    -8210 
   -7922    -7431    -6740    -5997    -5399    -4932    -4498    -4137 
   -3871    -3649    -3495    -3455    -3498    -3616    -3843    -4162 
   -4503    -4832    -5142    -5414    -5706    -6131    -6651    -7154 
   -7594    -7905    -8011    -7958    -7837    -7689    -7570    -7522 
   -7501    -7459    -7350    -7101    -6701    -6245    -5837    -5535 
   -5346    -5251    -5204    -5115    -4960    -4847    -4828    -4871 
   -4986    -5172    -5365    -5500    -5569    -5601    -5662    -5821 
   -6026    -6168    -6241    -6265    -6205    -6112    -6115    -6198 
   -6276    -6355    -6449    -6552    -6662    -6715    -6646    -6499 
   -6346    -6226    -6206    -6300    -6403    -6422    -6395    -6406 
   -6446    -6419    -6274    -6089    -5968    -5900    -5812    -5686 
   -5584    -5541    -5466    -5322    -5227    -5243    -5296    -5353 
   -5426    -5471    -5459    -5438    -5440    -5498    -5637    -5794 
   -5909    -6029    -6218    -6426    -6568    -6643    -6692    -6711 
   -6686    -6665    -6682    -6673    -6606    -6519    -6438    -6397 
   -6412    -6427    -6438    -6482    -6509    -6458    -6344    -6182 
   -5989    -5810    -5667    -5547    -5424    -5277    -5141    -5082 
   -5127    -5203    -5218    -5168    -5100    -5070    -5125    -5232 
   -5359    -5526    -5744    -5998    -6255    -6489    -6659    -6736 
   -6789    -6855    -6874    -6805    -6661    -6515    -6471    -6527 
   -6553    -6478    -6357    -6216    -6010    -5737    -5471    -5313 
   -5296    -5352    -5437    -5527    -5588    -5596    -5557    -5531 
   -5582    -5691    -5840    -6041    -6258    -6428    -6516    -6535 
   -6521    -6477    -6393    -6328    -6358    -6460    -6524    -6457 
   -6295    -6154    -6029    -5853    -5674    -5587    -5612    -5704 
   -5813    -5926    -6068    -6264    -6497    -6722    -6894    -6970 
   -6936    -6805    -6572    -6230    -5865    -5634    -5619    -5738 
   -5859    -5930    -5963    -6009    -6078    -6111    -6073    -5993 
   -5887    -5772    -5674    -5572    -5446    -5335    -5258    -5208 
   -5225    -5316    -5424    -5526    -5622    -5693    -5738    -5786 
   -5833    -5850    -5865    -5943    -6094    -6288    -6505    -6735 
   -6918    -6979    -6933    -6890    -6908    -6931    -6883    -6729 
   -6501    -6291    -6163    -6075    -5951    -5762    -5523    -5294 
   -5162    -5151    -5231    -5380    -5577    -5755    -5827    -5814 
   -5835    -5936    -6094    -6280    -6415    -6429    -6370    -6330 
   -6337    -6377    -6410    -6374    -6280    -6212    -6195    -6169 
   -6073    -5917    -5798    -5789    -5840    -5863    -5829    -5778 
   -5768    -5778    -5758    -5739    -5784    -5876    -5960    -6005 
   -6016    -6028    -6061    -6090    -6100    -6097    -6076    -6049 
   -6035    -6029    -6009    -5997    -6041    -6116    -6136    -6087 
   -6014    -5938    -5871    -5835    -5842    -5889    -5953    -6009 
   -6037    -6024    -5984    -5967    -6006    -6072    -6137    -6228 
   -6354    -6464    -6495    -6411    -6257    -6133    -6066    -6002 
   -5907    -5810    -5746    -5722    -5741    -5814    -5922    -6025 
   -6109    -6162    -6166    -6147    -6135    -6123    -6112    -6124 
   -6143    -6150    -6167    -6160    -6037    -5841    -5716    -5685 
   -5655    -5599    -5592    -5667    -5784    -5918    -6073    -6244 
   -6407    -6526    -6578    -6554    -6449    -6301    -6178    -6097 
   -6057    -6064    -6077    -6028    -5885    -5691    -5507    -5362 
   -5281    -5280    -5328    -5397    -5490    -5582    -5626    -5647 
   -5722    -5877    -6076    -6311    -6583    -6814    -6906    -6883 
   -6838    -6836    -6878    -6925    -6916    -6819    -6661    -6475 
   -6252    -5983    -5733    -5607    -5614    -5643    -5614    -5535 
   -5423    -5322    -5286    -5293    -5279    -5230    -5222    -5333 
   -5536    -5743    -5915    -6071    -6214    -6319    -6369    -6362 
   -6274    -6135    -6068    -6135    -6254    -6324    -6327    -6289 
   -6241    -6226    -6268    -6354    -6487    -6652    -6796    -6905 
   -6995    -7000    -6838    -6531    -6162    -5810    -5538    -5339 
   -5185    -5113    -5140    -5183    -5184    -5200    -5279    -5388 
   -5493    -5591    -5682    -5762    -5824    -5872    -5929    -6025 
   -6141    -6250    -6352    -6439    -6498    -6575    -6734    -6913 
   -6975    -6881    -6692    -6455    -6201    -5945    -5710    -5579 
   -5634    -5825    -6010    -6078    -6024    -5908    -5798    -5731 
   -5717    -5762    -5854    -5975    -6096    -6174    -6198    -6194 
   -6168    -6109    -6022    -5919    -5823    -5779    -5789    -5780 
   -5723    -5703    -5776    -5877    -5942    -5988    -6066    -6192 
   -6328    -6437    -6516    -6570    -6589    -6563    -6499    -6433 
   -6364    -6269    -6185    -6159    -6162    -6123    -6016    -5880 
   -5764    -5676    -5590    -5510    -5472    -5483    -5515    -5546 
   -5592    -5676    -5774    -5834    -5866    -5918    -6009    -6110 
   -6179    -6174    -6089    -5984    -5930    -5941    -5990    -6061 
   -6154    -6267    -6399    -6537    -6651    -6694    -6643    -6525 
   -6379    -6208    -6029    -5901    -5851    -5839    -5815    -5772 
   -5757    -5799    -5864    -5892    -5860    -5799    -5759    -5744 
   -5739    -5738    -5738    -5774    -5882    -6026    -6133    -6157 
   -6118    -6083    -6091    -6135    -6202    -6293    -6399    -6466 
   -6436    -6330    -6218    -6127    -6044    -5986    -5969    -5935 
   -5801    -5613    -5504    -5529    -5637    -5739    -5787    -5802 
   -5817    -5828    -5820    -5811    -5844    -5918    -5981    -6010 
   -6039    -6082    -6106    -6100    -6091    -6116    -6197    -6304 
   -6379    -6409    -6397    -6373    -6399    -6475    -6508    -6439 
   -6301    -6178    -6105    -6055    -5988    -5910    -5859    -5849 
   -5875    -5942    -6014    -6042    -6014    -5922    -5778    -5637 
   -5545    -5519    -5561    -5640    -5726    -5826    -5930    -5995 
   -5997    -5951    -5872    -5787    -5753    -5778    -5804    -5817 
   -5869    -6003    -6195    -6385    -6533    -6639    -6690    -6675 
   -6631    -6595    -6551    -6473    -6352    -6214    -6108    -6037 
   -5983    -5942    -5914    -5894    -5867    -5809    -5722    -5632 
   -5567    -5525    -5507    -5522    -5551    -5581    -5647    -5751 
   -5840    -5897    -5969    -6080    -6208    -6328    -6413    -6449 
   -6475    -6510    -6523    -6507    -6501    -6524    -6562    -6584 
   -6577    -6558    -6518    -6418    -6260    -6091    -5950    -5843 
   -5746    -5633    -5498    -5371    -5303    -5328    -5427    -5532 
   -5570    -5527    -5458    -5411    -5359    -5282    -5223    -5250 
   -5385    -5594    -5814    -6005    -6168    -6321    -6474    -6620 
   -6748    -6868    -7004    -7153    -7242    -7209    -7104    -7006 
   -6896    -6724    -6504    -6294    -6129    -5997    -5882    -5771 
   -5648    -5519    -5416    -5345    -5283    -5224    -5178    -5110 
   -5005    -4918    -4918    -5027    -5210    -5404    -5604    -5867 
   -6193    -6506    -6742    -6890    -6980    -7039    -7075    -7069 
   -7000    -6869    -6710    -6556    -6420    -6303    -6209    -6123 
   -6027    -5928    -5839    -5765    -5714    -5682    -5637    -5560 
   -5476    -5407    -5344    -5280    -5236    -5233    -5275    -5356 
   -5482    -5666    -5896    -6138    -6349    -6494    -6569    -6601 
   -6630    -6668    -6665    -6603    -6528    -6463    -6401    -6371 
   -6387    -6400    -6380    -6336    -6277    -6206    -6125    -6010 
   -5867    -5754    -5692    -5640    -5571    -5502    -5452    -5427 
   -5432    -5456    -5478    -5501    -5521    -5531    -5545    -5603 
   -5719    -5851    -5954    -6023    -6094    -6197    -6325    -6453 
   -6576    -6688    -6775    -6815    -6823    -6832    -6827    -6780 
   -6715    -6666    -6620    -6539    -6423    -6290    -6149    -5992 
   -5817    -5645    -5498    -5383    -5308    -5277    -5278    -5281 
   -5294    -5352    -5452    -5554    -5631    -5703    -5796    -5900 
   -5975    -5991    -5963    -5941    -5957    -5998    -6029    -6034 
   -6029    -6046    -6109    -6209    -6321    -6416    -6468    -6479 
   -6478    -6471    -6438    -6389    -6353    -6331    -6309    -6292 
   -6298    -6308    -6242    -6080    -5899    -5762    -5673    -5612 
   -5568    -5537    -5514    -5517    -5560    -5633    -5715    -5788 
   -5859    -5940    -6022    -6077    -6086    -6066    -6058    -6099 
   -6200    -6329    -6422    -6442    -6391    -6301    -6211    -6146 
   -6085    -6002    -5922    -5862    -5819    -5780    -5731    -5673 
   -5642    -5680    -5784    -5913    -6038    -6140    -6210    -6261 
   -6298    -6302    -6271    -6212    -6130    -6071    -6071    -6100 
   -6120    -6147    -6187    -6193    -6129    -6015    -5888    -5774 
   -5681    -5604    -5550    -5533    -5560    -5627    -5704    -5768 
   -5841    -5939    -6047    -6164    -6303    -6439    -6519    -6537 
   -6522    -6500    -6484    -6457    -6396    -6305    -6198    -6073 
   -5945    -5850    -5797    -5774    -5778    -5814    -5865    -5891 
   -5875    -5842    -5812    -5792    -5776    -5756    -5751    -5776 
   -5820    -5874    -5946    -6040    -6140    -6224    -6302    -6370 
   -6400    -6393    -6370    -6332    -6283    -6229    -6180    -6150 
   -6140    -6127    -6093    -6053    -6023    -5995    -5970    -5970 
   -5993    -5999    -5959    -5884    -5819    -5801    -5807    -5800 
   -5775    -5746    -5719    -5680    -5639    -5631    -5666    -5742 
   -5854    -5979    -6083    -6146    -6171    -6180    -6205    -6260 
   -6322    -6363    -6377    -6358    -6314    -6275    -6256    -6245 
   -6220    -6173    -6130    -6100    -6065    -6011    -5930    -5825 
   -5721    -5637    -5584    -5563    -5578    -5633    -5705    -5775 
   -5854    -5945    -6034    -6111    -6175    -6229    -6282    -6361 
   -6463    -6534    -6527    -6454    -6365    -6285    -6212    -6134 
   -6041    -5949    -5872    -5812    -5773    -5758    -5754    -5740 
   -5709    -5680    -5686    -5716    -5741    -5785    -5874    -5985 
   -6090    -6180    -6242    -6280    -6314    -6351    -6376    -6388 
   -6403    -6413    -6379    -6292    -6173    -6051    -5945    -5847 
   -5757    -5695    -5682    -5716    -5768    -5801    -5807    -5801 
   -5797    -5793    -5785    -5779    -5790    -5825    -5874    -5938 
   -6015    -6088    -6145    -6201    -6263    -6316    -6349    -6355 
   -6340    -6318    -6286    -6232    -6155    -6078    -6025    -5997 
   -5986    -5980    -5972    -5966    -5978    -6003    -6010    -5992 
   -5964    -5919    -5843    -5756    -5703    -5704    -5752    -5834 
   -5925    -5998    -6042    -6054    -6049    -6055    -6079    -6109 
   -6149    -6209    -6275    -6311    -6296    -6255    -6217    -6189 
   -6151    -6098    -6055    -6033    -6017    -5999    -5975    -5936 
   -5883    -5835    -5815    -5822    -5830    -5831    -5835    -5860 
   -5907    -5930    -5912    -5903    -5926    -5955    -5971    -5982 
   -6015    -6076    -6134    -6181    -6228    -6261    -6273    -6265 
   -6251    -6255    -6266    -6250    -6198    -6115    -6007    -5894 
   -5805    -5762    -5762    -5776    -5795    -5829    -5883    -5939 
   -5976    -6005    -6051    -6116    -6176    -6214    -6236    -6258 
   -6289    -6311    -6307    -6300    -6316    -6331    -6314    -6266 
   -6185    -6083    -5983    -5885    -5804    -5774    -5776    -5764 
   -5727    -5669    -5609    -5576    -5582    -5607    -5633    -5664 
   -5707    -5752    -5801    -5869    -5964    -6088    -6238    -6387 
   -6509    -6589    -6604    -6544    -6430    -6295    -6174    -6098 
   -6061    -6035    -6012    -6003    -6005    -5995    -5971    -5946 
   -5912    -5851    -5778    -5717    -5688    -5699    -5727    -5757 
   -5799    -5852    -5905    -5963    -6020    -6061    -6085    -6106 
   -6124    -6134    -6144    -6160    -6184    -6200    -6188    -6142 
   -6076    -6021    -5998    -6005    -6017    -6018    -6017    -6015 
   -6002    -5978    -5945    -5908    -5891    -5901    -5930    -5976 
   -6031    -6080    -6130    -6183    -6239    -6298    -6353    -6377 
   -6355    -6306    -6257    -6221    -6198    -6170    -6114    -6033 
   -5947    -5859    -5774    -5714    -5689    -5671    -5643    -5645 
   -5706    -5793    -5869    -5917    -5943    -5956    -5954    -5940 
   -5936    -5957    -5990    -6016    -6039    -6074    -6120    -6159 
   -6177    -6182    -6198    -6225    -6244    -6244    -6230    -6207 
   -6183    -6169    -6168    -6158    -6118    -6060    -6014    -5993 
   -5985    -5987    -6002    -6017    -6005    -5955    -5890    -5836 
   -5804    -5798    -5818    -5856    -5888    -5890    -5876    -5874 
   -5889    -5917    -5943    -5966    -6008    -6056    -6094    -6131 
   -6147    -6139    -6138    -6129    -6101    -6073    -6047    -6019 
   -6008    -6022    -6052    -6101    -6167    -6211    -6221    -6217 
   -6211    -6214    -6216    -6197    -6154    -6097    -6042    -6006 
   -5984    -5965    -5954    -5953    -5963    -5983    -6005    -6010 
   -6000    -5995    -5987    -5958    -5923    -5893    -5867    -5860 
   -5884    -5934    -6004    -6072    -6107    -6095    -6047    -5986 
   -5924    -5866    -5830    -5821    -5839    -5886    -5949    -6000 
   -6025    -6029    -6017    -5997    -5988    -6010    -6073    -6153 
   -6203    -6207    -6184    -6160    -6142    -6129    -6120    -6121 
   -6134    -6157    -6180    -6189    -6170    -6128    -6081    -6028 
   -5971    -5929    -5903    -5880    -5864    -5859    -5862    -5876 
   -5889    -5881    -5854    -5840    -5856    -5901    -5966    -6030 
   -6072    -6101    -6126    -6139    -6148    -6159    -6169    -6179 
   -6181    -6182    -6188    -6182    -6160    -6131    -6100    -6076 
   -6059    -6034    -6000    -5965    -5942    -5938    -5938    -5928 
   -5917    -5914    -5915    -5922    -5935    -5957    -5988    -6013 
   -6032    -6052    -6070    -6084    -6086    -6073    -6045    -6008 
   -5989    -6001    -6029    -6049    -6049    -6045    -6051    -6051 
   -6046    -6046    -6050    -6047    -6029    -5986    -5930    -5884 
   -5853    -5833    -5829    -5842    -5860    -5875    -5900    -5941 
   -5979    -5993    -5998    -6023    -6083    -6157    -6206    -6205 
   -6169    -6131    -6114    -6109    -6104    -6101    -6105    -6123 
   -6132    -6113    -6088    -6082    -6085    -6091    -6101    -6106 
   -6095    -6058    -5992    -5913    -5849    -5813    -5797    -5800 
   -5832    -5892    -5965    -6036    -6092    -6130    -6151    -6161 
   -6152    -6106    -6033    -5964    -5920    -5910    -5926    -5950 
   -5960    -5944    -5921    -5912    -5912    -5909    -5909    -5910 
   -5917    -5936    -5963    -5991    -6017    -6036    -6054    -6077 
   -6106    -6134    -6161    -6186    -6198    -6190    -6169    -6135 
   -6082    -6021    -5972    -5951    -5959    -5975    -5984    -5989 
   -5992    -5983    -5957    -5931    -5922    -5940    -5978    -6024 
   -6074    -6122    -6163    -6205    -6242    -6258    -6248    -6218 
   -6172    -6112    -6045    -5979    -5916    -5872    -5851    -5850 
   -5866    -5890    -5900    -5891    -5871    -5863    -5876    -5893 
   -5912    -5955    -6012    -6066    -6124    -6181    -6222    -6244 
   -6242    -6216    -6179    -6143    -6111    -6077    -6055    -6057 
   -6072    -6076    -6060    -6031    -5997    -5960    -5926    -5908 
   -5899    -5890    -5885    -5884    -5879    -5868    -5845    -5817 
   -5808    -5827    -5869    -5931    -6003    -6071    -6118    -6146 
   -6167    -6175    -6147    -6094    -6046    -6029    -6065    -6132 
   -6180    -6193    -6190    -6187    -6180    -6155    -6114    -6068 
   -6016    -5964    -5932    -5927    -5939    -5966    -5996    -6014 
   -6028    -6045    -6048    -6034    -6016    -5998    -5994    -6001 
   -6012    -6037    -6068    -6096    -6127    -6157    -6169    -6165 
   -6153    -6123    -6086    -6055    -6008    -5948    -5902    -5883 
   -5891    -5917    -5949    -5975    -5997    -6008    -5997    -5985 
   -5992    -6010    -6043    -6078    -6104    -6127    -6137    -6135 
   -6131    -6112    -6072    -6027    -5989    -5967    -5949    -5919 
   -5911    -5931    -5924    -5902    -5900    -5900    -5897    -5904 
   -5924    -5961    -6003    -6041    -6070    -6081    -6078    -6055 
   -6017    -5996    -5997    -6013    -6040    -6057    -6044    -6021 
   -6017    -6037    -6061    -6066    -6065    -6082    -6111    -6131 
   -6129    -6110    -6094    -6085    -6083    -6084    -6074    -6039 
   -5979    -5917    -5880    -5879    -5898    -5901    -5876    -5843 
   -5819    -5805    -5806    -5810    -5801    -5793    -5823    -5900 
   -5991    -6066    -6132    -6200    -6263    -6310    -6325    -6306 
   -6276    -6243    -6182    -6104    -6057    -6041    -6045    -6060 
   -6067    -6064    -6050    -6002    -5925    -5855    -5813    -5797 
   -5809    -5847    -5888    -5916    -5929    -5944    -5981    -6033 
   -6075    -6094    -6098    -6103    -6112    -6108    -6083    -6052 
   -6032    -6034    -6051    -6055    -6042    -6036    -6036    -6037 
   -6041    -6037    -6034    -6034    -6020    -6002    -5990    -5980 
   -5984    -6007    -6033    -6053    -6065    -6070    -6071    -6071 
   -6073    -6076    -6077    -6070    -6057    -6045    -6031    -6007 
   -5981    -5961    -5944    -5925    -5916    -5915    -5921    -5937 
   -5952    -5970    -6007    -6048    -6074    -6093    -6114    -6128 
   -6131    -6132    -6131    -6126    -6105    -6063    -6026    -6001 
   -5980    -5960    -5940    -5927    -5920    -5920    -5936    -5945 
   -5932    -5917    -5912    -5908    -5900    -5910    -5963    -6036 
   -6099    -6146    -6172    -6183    -6204    -6239    -6273    -6304 
   -6319    -6305    -6273    -6238    -6192    -6141    -6096    -6050 
   -5997    -5952    -5907    -5851    -5800    -5771    -5756    -5745 
   -5746    -5748    -5737    -5746    -5776    -5783    -5788    -5816 
   -5843    -5877    -5944    -6022    -6083    -6134    -6185    -6223 
   -6259    -6301    -6315    -6297    -6264    -6235    -6231    -6229 
   -6212    -6198    -6181    -6157    -6132    -6111    -6098    -6076 
   -6036    -5992    -5949    -5922    -5914    -5892    -5852    -5822 
   -5801    -5794    -5822    -5854    -5867    -5889    -5923    -5956 
   -6002    -6065    -6101    -6094    -6081    -6076    -6072    -6087 
   -6120    -6143    -6138    -6108    -6077    -6062    -6061    -6075 
   -6091    -6100    -6096    -6067    -6034    -6020    -6009    -5986 
   -5952    -5926    -5933    -5960    -5963    -5939    -5920    -5906 
   -5895    -5896    -5904    -5931    -5977    -5995    -5974    -5959 
   -5970    -6000    -6047    -6085    -6100    -6114    -6129    -6131 
   -6115    -6094    -6100    -6131    -6153    -6129    -6077    -6053 
   -6049    -6021    -5986    -5958    -5933    -5915    -5902    -5904 
   -5921    -5937    -5949    -5948    -5953    -6002    -6070    -6135 
   -6198    -6217    -6192    -6167    -6155    -6158    -6159    -6156 
   -6163    -6143    -6098    -6054    -6000    -5960    -5945    -5910 
   -5867    -5837    -5798    -5765    -5769    -5794    -5808    -5824 
   -5867    -5911    -5932    -5946    -5966    -5994    -6031    -6071 
   -6105    -6123    -6127    -6141    -6167    -6191    -6212    -6218 
   -6212    -6204    -6170    -6109    -6069    -6055    -6032    -6002 
   -5981    -5975    -5981    -5988    -5995    -5998    -5993    -5980 
   -5961    -5949    -5947    -5935    -5919    -5912    -5911    -5924 
   -5955    -5986    -6010    -6028    -6050    -6080    -6106    -6125 
   -6127    -6109    -6097    -6092    -6079    -6072    -6085    -6106 
   -6120    -6124    -6112    -6084    -6064    -6048    -6018    -5980 
   -5948    -5926    -5911    -5910    -5927    -5949    -5977    -6000 
   -5999    -5985    -5968    -5943    -5919    -5896    -5879    -5883 
   -5898    -5918    -5946    -5968    -5996    -6029    -6052    -6088 
   -6128    -6148    -6173    -6194    -6183    -6169    -6173    -6185 
   -6198    -6193    -6175    -6151    -6109    -6057    -6006    -5972 
   -5957    -5943    -5922    -5896    -5872    -5855    -5859    -5874 
   -5872    -5867    -5882    -5904    -5929    -5943    -5937    -5930 
   -5922    -5924    -5951    -5979    -6008    -6057    -6110    -6154 
   -6180    -6181    -6185    -6206    -6226    -6238    -6229    -6217 
   -6218    -6198    -6160    -6126    -6091    -6065    -6035    -5971 
   -5909    -5900    -5934    -5944    -5890    -5821    -5797    -5828 
   -5888    -5916    -5922    -5932    -5943    -5990    -6057    -6083 
   -6104    -6173    -6235    -6247    -6237    -6224    -6217    -6213 
   -6170    -6096    -6061    -6069    -6067    -6040    -6005    -5973 
   -5957    -5961    -5979    -5993    -5974    -5933    -5906    -5893 
   -5892    -5892    -5874    -5854    -5833    -5806    -5786    -5772 
   -5784    -5857    -5949    -6005    -6033    -6057    -6090    -6139 
   -6180    -6203    -6226    -6241    -6261    -6296    -6315    -6315 
   -6305    -6269    -6224    -6185    -6150    -6118    -6066    -5990 
   -5928    -5874    -5822    -5785    -5739    -5696    -5682    -5677 
   -5670    -5677    -5719    -5784    -5830    -5862    -5892    -5913 
   -5954    -6023    -6081    -6107    -6129    -6184    -6246    -6272 
   -6280    -6279    -6273    -6279    -6276    -6258    -6235    -6191 
   -6138    -6097    -6059    -6035    -6003    -5954    -5938    -5948 
   -5943    -5938    -5942    -5940    -5931    -5932    -5935    -5930 
   -5939    -5962    -5972    -5969    -5967    -5982    -6020    -6048 
   -6057    -6070    -6082    -6100    -6122    -6116    -6102    -6104 
   -6078    -6031    -6009    -6005    -6004    -6008    -5988    -5944 
   -5923    -5953    -6005    -6017    -5986    -5962    -5956    -5967 
   -5987    -5971    -5946    -5964    -5992    -5992    -5962    -5928 
   -5939    -5984    -6010    -5991    -5952    -5966    -6041    -6107 
   -6133    -6132    -6135    -6153    -6168    -6181    -6182    -6166 
   -6157    -6140    -6099    -6055    -6015    -5977    -5948    -5923 
   -5897    -5876    -5853    -5835    -5836    -5841    -5841    -5844 
   -5850    -5862    -5875    -5887    -5920    -5976    -6019    -6039 
   -6062    -6100    -6152    -6191    -6195    -6192    -6207    -6218 
   -6193    -6122    -6047    -6014    -6011    -6010    -5989    -5950 
   -5916    -5896    -5896    -5917    -5953    -5986    -5998    -5996 
   -5997    -6000    -6005    -6024    -6054    -6077    -6085    -6098 
   -6134    -6156    -6157    -6155    -6139    -6122    -6123    -6123 
   -6117    -6112    -6101    -6080    -6076    -6090    -6092    -6083 
   -6057    -6037    -6058    -6067    -6045    -6025    -6007    -6004 
   -6009    -5996    -5990    -5993    -5971    -5941    -5928    -5927 
   -5945    -5969    -5977    -5968    -5961    -5968    -5976    -5983 
   -6003    -6023    -6046    -6080    -6095    -6093    -6096    -6092 
   -6071    -6036    -6006    -5993    -5989    -5985    -5978    -5977 
   -6005    -6063    -6094    -6062    -6028    -6014    -5997    -5998 
   -5994    -5967    -5958    -5951    -5933    -5928    -5924    -5936 
   -5972    -5985    -5971    -5964    -5965    -5979    -6008    -6030 
   -6037    -6050    -6065    -6075    -6092    -6124    -6155    -6161 
   -6169    -6200    -6220    -6228    -6224    -6185    -6128    -6085 
   -6046    -6003    -5979    -5974    -5971    -5948    -5866    -5780 
   -5780    -5813    -5831    -5862    -5892    -5903    -5920    -5938 
   -5927    -5912    -5949    -6030    -6086    -6109    -6137    -6160 
   -6173    -6166    -6134    -6131    -6172    -6211    -6211    -6176 
   -6151    -6134    -6096    -6034    -5970    -5958    -5998    -6008 
   -5961    -5887    -5824    -5830    -5897    -5943    -5951    -5967 
   -5985    -5944    -5862    -5824    -5861    -5946    -6021    -6021 
   -5963    -5947    -6019    -6103    -6115    -6086    -6091    -6136 
   -6185    -6216    -6220    -6200    -6165    -6120    -6085    -6083 
   -6085    -6056    -6020    -6002    -5973    -5938    -5925    -5910 
   -5897    -5918    -5949    -5975    -5994    -6000    -6009    -6024 
   -6034    -6040    -6039    -6043    -6064    -6073    -6058    -6055 
   -6072    -6091    -6108    -6103    -6089    -6086    -6067    -6056 
   -6075    -6063    -6018    -5975    -5933    -5919    -5918    -5910 
   -5924    -5930    -5909    -5912    -5947    -5983    -6004    -6028 
   -6066    -6074    -6051    -6057    -6074    -6063    -6064    -6076 
   -6059    -6043    -6064    -6092    -6086    -6053    -6043    -6058 
   -6058    -6060    -6063    -6029    -5982    -5960    -5959    -5955 
   -5927    -5911    -5925    -5921    -5909    -5925    -5943    -5941 
   -5946    -5976    -6016    -6041    -6026    -6012    -6037    -6063 
   -6071    -6084    -6099    -6112    -6126    -6138    -6159    -6164 
   -6136    -6130    -6149    -6135    -6094    -6054    -6017    -6002 
   -6010    -6000    -5951    -5914    -5933    -5943    -5931    -5943 
   -5923    -5870    -5874    -5911    -5939    -5963    -5963    -5956 
   -5971    -6000    -6027    -6041    -6039    -6023    -6016    -6040 
   -6075    -6097    -6112    -6106    -6096    -6126    -6148    -6128 
   -6118    -6107    -6083    -6081    -6079    -6052    -6032    -6025 
   -6021    -6017    -6003    -5974    -5963    -5973    -5970    -5940 
   -5895    -5856    -5843    -5860    -5895    -5913    -5906    -5909 
   -5921    -5943    -5995    -6042    -6065    -6087    -6101    -6105 
   -6106    -6108    -6122    -6144    -6163    -6183    -6197    -6177 
   -6151    -6168    -6169    -6124    -6119    -6131    -6075    -6011 
   -5995    -5976    -5936    -5909    -5900    -5893    -5887    -5873 
   -5865    -5881    -5895    -5904    -5912    -5907    -5909    -5935 
   -5971    -5989    -5998    -6030    -6050    -6040    -6059    -6092 
   -6091    -6072    -6068    -6078    -6060    -6043    -6069    -6090 
   -6089    -6076    -6052    -6042    -6028    -6009    -6006    -6000 
   -6003    -6031    -6057    -6061    -6063    -6073    -6076    -6076 
   -6071    -6042    -6013    -5996    -5971    -5956    -5963    -5971 
   -5971    -5969    -5971    -5977    -5990    -6010    -6019    -6019 
   -6019    -6020    -6026    -6032    -6038    -6053    -6078    -6099 
   -6096    -6090    -6092    -6085    -6081    -6080    -6074    -6058 
   -6030    -6020    -6028    -6019    -6016    -6026    -6022    -6020 
   -6037    -6046    -6050    -6067    -6075    -6071    -6076    -6059 
   -6018    -6008    -6030    -6037    -6035    -6031    -6016    -6019 
   -6036    -6035    -6026    -6011    -5975    -5961    -5982    -5975 
   -5941    -5926    -5922    -5916    -5928    -5941    -5943    -5962 
   -5976    -5973    -5984    -6005    -6021    -6030    -6032    -6048 
   -6075    -6095    -6109    -6123    -6145    -6159    -6149    -6146 
   -6137    -6116    -6112    -6097    -6061    -6034    -6007    -5988 
   -5973    -5941    -5912    -5892    -5862    -5838    -5833    -5834 
   -5828    -5829    -5841    -5863    -5906    -5956    -5980    -5994 
   -6025    -6067    -6113    -6139    -6148    -6177    -6214    -6230 
   -6227    -6208    -6182    -6175    -6172    -6147    -6124    -6108 
   -6085    -6062    -6025    -5968    -5932    -5903    -5851    -5824 
   -5844    -5852    -5833    -5834    -5850    -5843    -5843    -5862 
   -5862    -5877    -5933    -5966    -5982    -6036    -6093    -6128 
   -6159    -6175    -6182    -6192    -6193    -6192    -6204    -6215 
   -6213    -6195    -6171    -6164    -6165    -6152    -6137    -6110 
   -6059    -6021    -5990    -5937    -5896    -5885    -5869    -5846 
   -5840    -5840    -5849    -5891    -5909    -5868    -5875    -5950 
   -5958    -5912    -5941    -6031    -6078    -6075    -6086    -6114 
   -6126    -6135    -6145    -6143    -6151    -6171    -6173    -6161 
   -6151    -6138    -6123    -6119    -6109    -6085    -6077    -6066 
   -6017    -5984    -5991    -5958    -5910    -5918    -5934    -5919 
   -5911    -5919    -5915    -5910    -5926    -5922    -5907    -5933 
   -5967    -5973    -5976    -5992    -6009    -6012    -6008    -6010 
   -6021    -6058    -6100    -6105    -6105    -6134    -6167    -6174 
   -6163    -6174    -6190    -6161    -6127    -6120    -6115    -6124 
   -6118    -6069    -6028    -5996    -5968    -5959    -5930    -5887 
   -5896    -5928    -5903    -5847    -5862    -5886    -5833    -5822 
   -5893    -5929    -5927    -5943    -5962    -5979    -6006    -6026 
   -6031    -6048    -6081    -6103    -6107    -6116    -6137    -6147 
   -6135    -6123    -6120    -6124    -6135    -6139    -6126    -6112 
   -6114    -6099    -6068    -6051    -6023    -5992    -5985    -5973 
   -5947    -5914    -5876    -5850    -5837    -5832    -5838    -5837 
   -5825    -5818    -5837    -5881    -5906    -5935    -5997    -6049 
   -6083    -6113    -6140    -6175    -6197    -6214    -6243    -6243 
   -6218    -6216    -6204    -6153    -6124    -6138    -6128    -6080 
   -6054    -6048    -6029    -6013    -6000    -5974    -5947    -5921 
   -5905    -5903    -5898    -5900    -5914    -5929    -5940    -5954 
   -5978    -6000    -6007    -6023    -6051    -6053    -6045    -6061 
   -6072    -6075    -6094    -6107    -6099    -6078    -6058    -6062 
   -6077    -6073    -6065    -6073    -6071    -6054    -6044    -6037 
   -6027    -6021    -6024    -6018    -5990    -5976    -5971    -5944 
   -5934    -5945    -5946    -5945    -5951    -5963    -5972    -5982 
   -6005    -6020    -6027    -6034    -6040    -6051    -6055    -6052 
   -6055    -6053    -6061    -6081    -6093    -6104    -6103    -6097 
   -6102    -6090    -6072    -6062    -6043    -6033    -6027    -6014 
   -6003    -5988    -5967    -5957    -5954    -5951    -5955    -5961 
   -5958    -5957    -5966    -5972    -5975    -5984    -5997    -6010 
   -6023    -6037    -6048    -6056    -6075    -6097    -6101    -6100 
   -6106    -6108    -6099    -6088    -6080    -6072    -6067    -6067 
   -6061    -6058    -6059    -6042    -6019    -6009    -5991    -5969 
   -5953    -5937    -5923    -5913    -5909    -5911    -5906    -5902 
   -5913    -5921    -5921    -5919    -5920    -5931    -5949    -5972 
   -5998    -6019    -6041    -6069    -6090    -6104    -6117    -6133 
   -6149    -6151    -6146    -6147    -6139    -6121    -6106    -6102 
   -6106    -6092    -6065    -6044    -6020    -5995    -5974    -5955 
   -5941    -5927    -5917    -5915    -5912    -5910    -5912    -5922 
   -5943    -5965    -5977    -5984    -5994    -6010    -6025    -6036 
   -6042    -6046    -6050    -6065    -6079    -6074    -6060    -6053 
   -6057    -6065    -6068    -6061    -6049    -6039    -6040    -6041 
   -6030    -6017    -6003    -5993    -5994    -5998    -5990    -5976 
   -5966    -5963    -5960    -5961    -5969    -5970    -5969    -5981 
   -5995    -6009    -6034    -6058    -6073    -6076    -6072    -6073 
   -6080    -6095    -6110    -6116    -6123    -6131    -6128    -6118 
   -6103    -6085    -6065    -6046    -6034    -6022    -6000    -5975 
   -5958    -5952    -5946    -5937    -5926    -5927    -5942    -5948 
   -5943    -5940    -5949    -5973    -5994    -6005    -6010    -6014 
   -6030    -6056    -6084    -6109    -6121    -6119    -6115    -6110 
   -6108    -6104    -6087    -6060    -6022    -5984    -5967    -5966 
   -5963    -5954    -5943    -5945    -5959    -5972    -5990    -6012 
   -6025    -6030    -6032    -6038    -6051    -6057    -6058    -6067 
   -6086    -6104    -6109    -6108    -6101    -6087    -6087    -6088 
   -6076    -6068    -6054    -6026    -6012    -6009    -6000    -5987 
   -5973    -5968    -5961    -5938    -5926    -5932    -5935    -5950 
   -5971    -5976    -5981    -5998    -6013    -6023    -6043    -6073 
   -6085    -6082    -6075    -6068    -6069    -6067    -6063    -6067 
   -6064    -6043    -6026    -6025    -6038    -6058    -6068    -6060 
   -6054    -6055    -6048    -6041    -6050    -6056    -6050    -6040 
   -6027    -6022    -6026    -6023    -6017    -6019    -6022    -6024 
   -6017    -6005    -5996    -5984    -5968    -5955    -5947    -5945 
   -5955    -5972    -5981    -5985    -5989    -5993    -6011    -6035 
   -6044    -6055    -6075    -6079    -6077    -6089    -6109    -6118 
   -6115    -6102    -6071    -6040    -6038    -6042    -6024    -5996 
   -5979    -5985    -6001    -5997    -5969    -5954    -5961    -5966 
   -5965    -5962    -5949    -5944    -5959    -5976    -5989    -5988 
   -5980    -6017    -6081    -6102    -6077    -6047    -6058    -6119 
   -6165    -6152    -6112    -6086    -6079    -6079    -6089    -6106 
   -6097    -6057    -6019    -5999    -5999    -5997    -5978    -5963 
   -5950    -5929    -5918    -5915    -5916    -5929    -5945    -5964 
   -5984    -5994    -5989    -5986    -6009    -6048    -6072    -6062 
   -6042    -6044    -6069    -6097    -6110    -6104    -6106    -6111 
   -6098    -6080    -6065    -6043    -6028    -6020    -5999    -5967 
   -5938    -5911    -5894    -5899    -5908    -5905    -5898    -5892 
   -5895    -5915    -5941    -5957    -5972    -5993    -6021    -6049 
   -6072    -6095    -6123    -6146    -6164    -6174    -6170    -6160 
